四元数插值
0.273224,0.560848,0.454218,-0.635991	-0.828175,0.101588,0.472816,0.283287	0.881649	0.843837,-0.00207945,-0.377624,-0.381229
四元数转换欧拉角
0.507859,-0.0594517,-0.446084,-0.734543	-31.5819,-45.7024,-97.088
矩阵转换欧拉角
0.575644,-0.181867,0.797219,0,-0.181867,0.922057,0.341665,0,-0.797219,-0.341665,0.497701,0,0,0,0,1	-58.0236,19.9783,-11.1578
四元数转换欧拉角
0.477639,0.56034,-0.644809,-0.205186	-118.512,15.7041,-72.6027
向量转换欧拉角
-9,-9,-6	56.3099,-39.7622,0
向量转换欧拉角
1,4,-5	-11.3099,38.1129,-0
四元数求角度和旋转轴
-0.513971,-0.123919,0.629881,-0.568971	-118.143	-0.14446,0.734292,-0.663285
四元数转换欧拉角
-0.0612189,-0.453006,0.560181,0.690822	-93.1348,-45.9313,-121.644
欧拉角标准化
-32.7953,1734.85,990.722	-32.7953,-65.15,-89.278
四元数转换矩阵
-0.306678,-0.338202,0.888897,0.0378224	-0.583137,-0.624452,0.519627,0,-0.578055,0.768378,0.274679,0,-0.570794,-0.140198,-0.809037,0,0,0,0,1
四元数求差
0.277441,0.153335,-0.489664,0.812247	-0.40365,-0.138826,-0.53138,0.73173	0.721266,0.0966875,-0.57004,0.381418
四元数求角度和旋转轴
-0.237263,0.719591,0.482084,0.439876	-152.55	0.740742,0.496254,0.452805
欧拉角转换向量
-900.851,-295.706,-486.325	-0.00644239,0.901032,0.433705
矩阵正交化
5,8,0,0,-8,1,-7,0,-7,-5,0,0,0,0,0,1	0.529999,0.847998,0,0,-0.612631,0.382894,-0.69143,0,-0.586331,0.366457,0.722444,0,0,0,0,1
四元数相乘
0.179055,-0.444991,0.524521,0.70342	-0.553869,-0.487856,0.513227,-0.437976	-0.277382,-0.431628,-0.736683,-0.440515
四元数单位化
6.90237,-6.14124,5.5089,-4.12091	0.599216,-0.53314,0.478245,-0.357749
欧拉角转换四元数
-534.996,-92.1232,-660.024	-0.385806,0.373713,0.58471,0.607954
四元数求差
-0.708082,-0.689743,-0.134624,0.0689179	-0.401044,0.00731653,0.694911,0.596833	0.226507,-0.410038,-0.133879,-0.873294
矩阵转换四元数
-0.243975,0.61655,0.74856,0,0.0697815,-0.758724,0.647664,0,0.967268,0.21025,0.142086,0,0,0,0,1	0.186673,0.585803,0.292902,0.732254
欧拉角转换四元数
981.054,-165.404,1256.38	0.756173,-0.116865,0.641171,0.05869
矩阵转换四元数
0.863263,-0.0256545,-0.504101,0,-0.165777,0.928897,-0.331162,0,0.476754,0.369449,0.79763,0,0,0,0,1	0.947337,-0.18489,0.258845,0.036978
四元数求差
0.339978,-0.487678,0.787211,0.163962	-0.0394692,0.528564,-0.659353,-0.533213	-0.877665,-0.151191,-0.366467,-0.269349
矩阵转换欧拉角
0.928038,-0.365697,-0.0707837,0,0.310342,0.654031,0.689878,0,-0.205991,-0.6622,0.720457,0,0,0,0,1	-15.9561,41.4679,-29.2114
欧拉角转换矩阵
291.092,-71.4683,1462.16	0.666961,0.119883,0.735385,0,0.683542,0.294353,-0.667927,0,-0.296536,0.948148,0.114376,0,0,0,0,1
矩阵转换欧拉角
0.304958,0.113288,0.945604,0,-0.413847,-0.878491,0.238714,0,0.857748,-0.464133,-0.221019,0,0,0,0,1	104.449,27.6541,172.652
四元数插值
-0.0771653,0.470186,0.81491,0.329989	0.25416,0.695453,-0.652844,0.159821	0.13654	-0.12216,0.312136,0.898867,0.282289
四元数相乘
-0.717841,0.473652,0.122925,-0.495225	0.0224829,0.573946,-0.744368,-0.340582	-0.365153,-0.811849,0.414187,-0.189774
欧拉角标准化
-772.088,-484.017,-420.185	127.912,-55.983,119.815
矩阵正交化
-6,-2,0,0,7,2,-1,0,-6,-4,2,0,0,0,0,1	-0.948683,-0.316228,0,0,0.0953471,-0.286039,-0.953463,0,0.301512,-0.904535,0.301509,0,0,0,0,1
四元数单位化
-8.00592,-3.07779,5.38987,6.74673	-0.657779,-0.252876,0.44284,0.554322
四元数求逆
2.6194,3.19071,-0.513626,-6.25111	0.046458,-0.0565909,0.00910974,0.110871
四元数插值
0.574065,-0.443578,0.0340153,0.687409	0.813944,-0.406551,0.120898,0.396982	0.725669	0.759128,-0.423229,0.0983591,0.484693
矩阵转换四元数
0.616088,0.359565,-0.70082,0,-0.70082,0.656375,-0.279326,0,0.359565,0.663238,0.656375,0,0,0,0,1	0.855692,-0.275381,0.309803,0.309803
欧拉角转换四元数
1570.38,-824.604,-1240.34	-0.751479,0.603595,0.232377,0.130206
向量转换欧拉角
0,-6,-4	-0,-56.3099,-0
四元数求角度和旋转轴
0.300264,-0.52671,-0.032702,0.794575	145.053	-0.55219,-0.034284,0.833013
四元数相乘
0.707571,-0.191952,-0.0509261,0.678162	0.616288,0.648056,-0.0501208,-0.444636	0.859446,0.396881,0.287289,0.145955
欧拉角转换矩阵
422.053,-58.3942,-712.979	0.373178,0.0640588,-0.925546,0,-0.803996,0.520142,-0.28817,0,0.462956,0.851674,0.245609,0,0,0,0,1
欧拉角转换矩阵
-1570.82,-1213.75,-1279.45	0.798409,-0.230262,-0.556347,0,-0.2978,0.65205,-0.697242,0,0.523315,0.722364,0.45203,0,0,0,0,1
欧拉角转换向量
205.396,209.351,1485.45	-0.373819,-0.490158,-0.787403
四元数点乘
-0.68223,0.0814416,0.244017,-0.684387	0.667508,-0.362537,-0.645018,0.0833772	-0.699377
四元数单位化
7.72881,2.05908,-8.75912,-9.43846	0.509865,0.135836,-0.577834,-0.62265
欧拉角转换向量
1375.59,1166.73,1728.15	0.0514466,0.998372,-0.024638
四元数转换矩阵
0.615569,0.248943,0.493021,-0.562168	-0.118205,-0.446638,-0.886873,0,0.937575,0.243989,-0.247838,0,0.327081,-0.860804,0.389915,0,0,0,0,1
四元数转换矩阵
-0.145882,0.143362,0.290504,-0.934758	-0.91633,0.356023,-0.183259,0,-0.189434,-0.78865,-0.58493,0,-0.352776,-0.501274,0.79011,0,0,0,0,1
四元数求逆
-8.30805,9.68627,-1.07395,8.44844	-0.0352968,-0.0411521,0.00456268,-0.0358932
四元数点乘
-0.042498,-0.56565,0.655038,-0.499158	-0.846773,0.32002,0.424917,-0.00298521	0.134794
矩阵正交化
3,0,-5,0,-6,8,0,0,2,8,10,0,0,0,0,1	0.514496,0,-0.857493,0,-0.46383,0.841078,-0.278298,0,0.721219,0.540914,0.432731,0,0,0,0,1
四元数求逆
-8.4991,-6.12903,5.30076,3.23649	-0.0572821,0.0413084,-0.035726,-0.0218133
四元数点乘
0.488295,0.310426,-0.663069,0.474913	0.341175,0.203304,0.711421,0.579782	0.0333297
欧拉角标准化
-1198.04,1411.51,-413.593	-118.04,-28.4899,-53.593
